5.249588457096017 -2.997703340052679
 6.67446386391103 -2.2346525519191935
 -10.995566314126004 -3.2725344944260693
 6.189518871179093 -2.742691090287626
 -11.647324908271477 -1.0350621835374432
 7.906357221298178 -14.365292328859729
 5.17054086960698 -12.853818031675099
 6.669825226533074 -14.247311488929157
 7.9705008327592 -14.386126618539217
 4.952285466582573 -3.6974857533617493
 3.710500071789702 -13.751633681774223
 8.354030821859125 -14.692113538093922
 4.831365642401855 -12.392200120992285
 2.5203031363273145 -13.589533486616446
 6.472794147538315 -4.827525621859679
 5.323181005817843 -3.0219314045667627
 9.00172581117455 -15.53523001595253
 9.320849457467087 -14.840657362228939
 7.566849845584115 -15.23760216418387
 7.255807287558024 -1.6817456193281002
 7.759333369460957 -15.657150127937346
 2.0685813233159145 -12.450139771263517
 9.240493877356197 -15.116314454914285
 9.269860085893187 -14.871753996535235
 4.425457946714957 -11.87425917335051
 6.186353964022707 -4.0848454696541
 5.688897096962851 -3.7285586589516977
 -11.55485148196127 -3.0173203478725954
 11.69223589446063 -8.721789310207557
 11.30574014487629 -6.779863082970458
 8.521627290781298 -13.902296846973101
 7.479172566831897 -13.37661954137009
 3.0866071378353426 -13.279023916434415
 8.310037408282872 -14.840795117206987
 10.998282217817795 -7.81562884553289
 -11.178879495651431 -1.664426770070535
 11.491080963253088 -7.3767117730562
 9.190475317279162 -14.541048260788726
 6.827906278584958 -5.307561098733029
 11.636226576734398 -7.727509587240049
 9.28818149218701 -14.679265804973376
 9.879950336923788 -14.268246109698374
 6.626736483419155 -3.5380419360203366
 7.8172288691111325 -14.985154319909748
 3.2852424336464687 -12.818270856891994
 5.0618669305481605 -12.787323054160991
 10.879974118508388 -8.537751233770317
 9.222627761720492 -14.119158032491463
 7.635285921076651 -14.499747990285057
 6.018200871574145 -3.86060023964812
 3.68552481821703 -13.170970664116128
 10.682884853417468 -9.507800894393405
 6.26364536885113 -2.169880558738626
 8.947533503928536 -13.998000430165689
 3.412449876046421 -13.21803496866267
 3.5483263575059287 -12.771365837224387
 3.284961234918271 -11.474682910647886
 6.9036030484090345 -14.757276134810965
 -12.255181209405936 -2.7969767967024475
 9.30450010610908 -14.184359270073728
 -10.479325317153377 -3.0980601360130637
 -10.64087928896277 -1.7834996324777361
 10.77379677641397 -8.16203475454525
 6.872176919959301 -2.4100276017970943
 10.877459219730758 -9.008177525696702
 4.318928225470111 -13.048633397330496
 6.9304983974827765 -3.3893686304390593
 6.470748667913842 -15.332823975197044
 7.68863072254396 -13.925673232515729
 10.063573709712372 -15.233482406755208
 10.429495221826594 -8.01828170194598
 9.288786733496503 -15.061180314906123
 10.409856215118204 -9.23715828150011
 5.975055469192643 -3.124429335130184
 -11.239636703519816 -3.379893497995133
 8.261788955560956 -13.768801399958809
 9.024248643764635 -14.52960917309292
 7.21008220386031 -13.960482765879837
 8.759319717834849 -15.664402442382304
 2.7863167784409453 -12.156594444982401
 9.435435084418994 -14.935829071446175
 3.890542295181913 -12.867486171729087
 11.261138969915427 -9.163207724446965
 3.6761622707248116 -12.252715436607964
 3.5611178857686627 -12.918031837685366
 6.319296320736439 -3.0732815243855724
 -10.100446053583077 -1.7929261460224064
 7.357494813021375 -16.138058325807233
 10.692680143672696 -8.127391995427152
 4.24627439515812 -10.913495963199576
 11.11420325511985 -8.621075846823366
 -11.5390556177549 -2.8747853205926526
 7.504371040172285 -14.42261650585469
 12.038987973715116 -7.6209174605245655
 -11.458375778344148 -2.101481313813223
 8.080959591320347 -15.470389498527673
 11.328328346238544 -7.812974181990581
 4.910373580175586 -3.8840708431345017
 11.984032620892965 -9.985387258561689
 -10.286812184404246 -1.8319407456380898
 8.1377752770922 -14.818360205448469
 6.333982876392881 -15.013034891637975
 12.115244821110224 -8.4456644096857
 7.898415038265701 -15.79204505996108
 4.673662697099367 -13.03011541360192
 8.67005134818467 -13.065384308783656
 8.917987140950716 -14.509252957930832
 -11.360897848409925 -4.146856149485159
 7.162674254579587 -13.939903142729392
 -10.06438033193645 -1.9374880981570501
 5.385246463479983 -3.370819498290953
 -10.714164108806386 -3.402619554953246
 9.435248831335766 -14.64175965492505
 3.9552390177164183 -13.810065515435461
 8.680393986900802 -14.401440690130428
 8.7150962355436 -15.079368706915357
 10.275315812900988 -14.267063521378974
 6.019297676626355 -3.5214039582809242
 5.64410757424692 -3.890557869495131
 8.024253770869262 -13.999905490799438
 7.603379163042294 -13.939518021069036
 4.8621862587976725 -12.852741538090541
 6.495879905463225 -3.9902428243477224
 3.4888527348527854 -13.687716977832117
 4.099185947818162 -12.851009664554034
 7.436133784428455 -15.3876351293079
 5.743685972179809 -15.05860022526682
 9.007348669008627 -15.677214270667193
 -10.815390072894212 -1.6987718889490804
 5.751054350399819 -3.328356635192573
 8.620075496200272 -15.240967095131658
 7.517902183169761 -4.4544556012968
 11.772649129208395 -9.061904611828421
 -12.015825229606742 -3.0456903556451036
 10.21501380973191 -8.773925207669045
 6.073279001615273 -14.393835163637966
 -11.010931784901244 -3.5547015457100826
 6.635258806062834 -4.497625043979392
 3.1599160782093874 -12.0099574876476
 8.980873959110038 -16.38773326451298
 11.43814941665433 -7.588071928385033
 9.406506217741418 -14.561084650103975
 3.8636703162942396 -11.796765003389341
 4.92833401039995 -3.28940170201649
 6.431547876056139 -15.09715859004384
 8.446943281518559 -13.622148585052607
 11.642182110337828 -9.053110997852386
 -12.407995985520047 -2.421376085327779
 6.458617624915288 -3.6292081170930035
 8.572521042594593 -13.82817963588355
 10.997684921057433 -7.248244498563734
 11.307090444218098 -7.860863609091527
 8.18567875928949 -15.367389706477578
 12.064132558281068 -7.02333104154977
 7.2443701886239715 -15.233359272605679
 11.271655603899188 -9.55887315541305
 8.545858822502161 -13.444361784109214
 7.358582509033137 -16.484173882361997
 10.799767726870574 -8.164546346722071
 10.865946483569658 -7.581604824077885
 8.13615000794718 -14.644061499632398
 3.788256545731808 -11.994961449534994
 6.148255611626341 -4.379686399300453
 8.186062335131854 -14.27775279426314
 8.648903948142747 -14.518253258447883
 8.030019480928877 -14.6612703993746
 3.5587385083908285 -11.74116979323265
 5.2573726203124425 -12.509851133073461
 5.119944352242167 -3.4676959835720598
 4.387607895378511 -13.102956891818152
 6.1272975677797055 -3.45223050964278
 3.0220831346631796 -12.205369422758494
 5.475675974186108 -3.5566445385278604
 3.7626633430142515 -11.977609735736234
 -10.868795309900179 -3.3764747635899703
 4.141191748120462 -12.344790627783842
 3.558896999278293 -11.958680424538363
 6.9635593146536525 -13.969568646682285
 6.894809323435928 -5.198783941703985
 11.432039515196594 -8.656349128318443
 -11.663004140120178 -2.490208348822274
 5.213736383906476 -4.148140978202933
 10.335714447674478 -8.976356403633462
 8.851932084152436 -14.956129276471279
 -12.103339952192888 -2.3875687520064375
 6.677604796869292 -14.443935323990647
 2.755779158343265 -12.05103002122248
 4.972264798289517 -2.5679909938805268
 2.802177251531571 -12.408674826859858
 6.994014933343274 -2.8710753392771706
 8.463883181939137 -14.961072879050812
 9.130051663886045 -14.355128254030314
 9.03618755455749 -14.293464398433034
 11.440748793156947 -7.966132423134996
 8.112407111031711 -15.647686133396105
 6.697797363692539 -4.222135158836649
 -11.428663193293444 -3.6662241722976
 8.08084292292258 -14.824873083982801
 5.450535063822078 -3.0210069932896455
 4.784837557418174 -3.856751162326352
 5.819295504987929 -4.1151902987366915
 3.6099068576664353 -12.97407772699691
 7.832921218969396 -14.341260876911086
 -11.409453313436844 -2.3798875117244123
 12.430798194729075 -8.802215619712946
 8.218726693116064 -15.213981403788113
 11.278844753051711 -9.330438130642543
 4.726843896541832 -12.69389182831083
 4.772792413814435 -12.275691781554212
 7.749128467704811 -14.149724846021888
 2.8121110782484013 -13.200960241632192
 4.781711887206657 -12.538429382566148
 9.667626986726274 -15.1193651834859
 -10.501977053345708 -3.0335322685387633
 10.647870567459698 -8.504957706334752
 7.789218747585989 -14.272426348620167
 7.207242670436733 -14.56645175521043
 11.20623458117628 -8.430319321716839
 4.638045695470766 -3.8459786676804506
 -10.95805369881502 -2.6201640896723353
 -11.120408248333888 -3.5223335887758345
 4.96678319147895 -14.016332104073776
 2.823914930792972 -12.042711603525651
 12.142606873147074 -7.027990642142413
 3.4245476971830575 -10.797320822073273
 8.057285967938817 -14.581428643181464
 3.3279194227663984 -13.276410241080061
 6.931076175566749 -14.714939956794504
 5.839943097387022 -3.8913411383601018
 5.658634306303471 -3.5082536965329814
 4.057147457457459 -11.852394573653452
 11.67103977073888 -8.717502296101044
 -11.489677568982708 -2.158514761586884
 7.852408958696045 -14.928604093037073
 11.773137504760987 -6.719779396015653
 4.289873879732368 -12.146127055089101
 -11.708215144935854 -4.726200304172876
 11.181650618068588 -9.516749695571567
 10.416569037571792 -8.428239032046573
 4.989697569488699 -4.0283634105003285
 -11.145386847355615 -3.095343516348169
 7.884507754838719 -13.682069701189873
 8.447090927442432 -13.465078199493458
 6.268351673368063 -2.8241996643269056
 6.313283623383325 -1.9154584197148439
 7.627100214351344 -13.968725529521768
 7.494794276498508 -12.993633364442081
 10.874885817665763 -8.203935717829909
 11.854936618484004 -8.721771462184407
 10.952272219913484 -7.605978550201963
 8.049695485676592 -15.183060393863494
 6.62431022158543 -4.156670211890265
 -11.45796750624074 -2.523771674540935
 -10.93282538064678 -3.2675807662222773
 3.745913304471904 -13.965855796393106
 6.057047321337591 -3.1941552984035444
 12.104281631399072 -8.600746014360546
 -12.374818580306867 -1.9279402449608245
 10.473422076021333 -8.204534492942125
 -10.769915934692413 -3.816279070303085
 10.241897384827087 -8.677647804184579
 8.977407427531178 -15.675106140926173
 11.958319287850555 -9.761343605962528
 -10.693663810364367 -3.2009023730007677
 8.798466951603226 -14.191636320866408
 3.4685622596918324 -13.290195917950909
 8.493345083952912 -15.379237359039617
 8.625485008336595 -14.757454811373348
 -9.99705453232553 -2.4016142238776355
 8.169896894163907 -14.007923005587662
 6.399194330447362 -14.229119444855547
 3.3130108981127435 -12.949177801365439
 8.552815725229395 -14.048538724422142
 -11.656272763862857 -2.0532639195716955
 7.153182848251836 -14.160906277702908
 11.818958234508269 -8.969561788289093
 3.23599177280668 -11.723479914976174
 9.391744640099091 -14.302861593135548
 8.56473421654266 -13.933661823012107
 -11.77954175576548 -2.1122458796087136
 7.183192779382743 -14.557374634139334
 -10.401936092109311 -3.3388451013946043
 -10.184702665189825 -4.066754877579095
 7.007978217497517 -15.08263596014104
 3.5285107212693267 -11.711391128498981
 -10.79547291362032 -3.588395053469573
 6.5554484017722805 -13.71720055861223
 9.194758905123887 -13.518875826353982
 3.1297207856799405 -13.297486405257738
 3.146312996665732 -12.150849525842188
 -12.318290242873758 -1.6204399334576987
 5.037868689747091 -3.552524591850698
 -10.86321060234877 -1.591698644616489
 6.343980864564338 -3.3578002861107143
 8.570177604937673 -12.999239400774172
 10.056914704132494 -14.287366940141489
 5.115925510187705 -2.665590579996412
 -11.423435354098475 -2.703108208338244
 9.675520095504377 -14.915119211047882
 10.66594614260184 -8.869420329745788
 6.961626354829299 -15.421454766062187
 5.862948719277071 -4.474501271394693
 10.623048739594536 -7.712220380870629
 -11.513302703788106 -1.96013049425291
 7.319232800063706 -14.713637575245837
 -11.785531176317907 -3.0616147800300877
 -10.580762269132752 -3.061957137996836
 9.613377911045806 -8.240997580064587
 -10.585160615637925 -3.6850404114225555
 3.88727665158787 -13.43411492240791
 6.824705447619466 -3.2657079856319267
 7.659134774460476 -14.38074789600538
 4.4394859341231125 -11.349731485422117
 4.755499889053027 -13.673993724813094
 11.775759707439278 -8.777114182630234
 8.191622247209574 -14.97155676353231
 -10.539449318454711 -3.4647426312433023
 9.220962756417578 -15.536919577195581
 4.176850088198954 -12.431330866731772
 9.030577434247325 -14.00515956442358
 10.194116322613668 -7.589855468318402
 2.9208040017365096 -12.868912390791232
 7.951205208079813 -15.087893035751868
 3.7042389802913016 -14.070536022473718
 -10.635948942896306 -2.8498378031255283
 10.09293744147181 -15.153727358719134
 8.581497511473144 -14.899294966355503
 4.2887788994234235 -12.486179381484899
 9.573705616772653 -13.838528367299203
 3.7103133761668445 -14.059628298179502
 9.671236418378056 -15.156522858304546
 -11.326943599427667 -2.8248701237180436
 6.397168409810483 -15.156612667011915
 7.414374800272826 -15.359087066843863
 8.233035075341657 -13.650533795344273
 8.706708499144407 -15.280615885997511
 10.542718712229812 -14.03378787718632
 6.811703748858017 -2.710059634860186
 9.866620424888334 -8.328975890966927
 5.95158898250415 -4.029534710046632
 9.919741957491368 -14.766693595254237
 -9.732646445961906 -2.6146071124902805
 3.975666002565128 -13.766245313822608
 11.173968858772618 -8.491422906305454
 -10.634672913377901 -2.5983859358951467
 11.925152842440466 -9.314794310211429
 7.864029208128237 -12.841114398040304
 11.839549937213558 -8.06737100022205
 6.643209591465478 -3.0730731520726735
 6.706953376037041 -14.290155795791982
 -10.486037806146278 -3.43664418885957
 7.319340128936363 -13.815843453320532
 10.867870038530645 -7.525846503013878
 9.92911519254671 -13.986152079480181
 8.431128955619096 -15.86721161440631
 3.2459986866943122 -11.825264469623837
 6.230189111617229 -3.1231940363500903
 12.83644452382977 -8.409734106867498
 -10.481026790773294 -3.383847954181599
 8.73126905786498 -13.588197198739946
 12.21776236713688 -7.316162399174194
 7.466073606196506 -15.901437563947757
 4.355745180457475 -12.278257856727679
 8.31081346331272 -15.011692225144529
 10.465810342373814 -7.071167926575495
 4.855982415277314 -12.145534523718592
 11.560550316181155 -9.372891230157553
 11.059848789768147 -8.873812484574415
 6.849905588502557 -14.445728147010014
 10.301064598522544 -8.429123609152503
 7.199900695018735 -14.830080616168082
 6.119252702973476 -3.3723625390454393
 3.0633662111318465 -13.13655244618208
 4.227775557388649 -11.828275472687242
 -11.602667222856098 -3.116755529282686
 6.4538557659742075 -14.241885230689105
 8.16829304222943 -14.353906162946645
 6.768830650426036 -4.105996548178872
 9.121029841921295 -13.538018699230769
 7.3948909360059965 -15.145893139623743
 11.586093142643541 -7.797308576396917
 11.416361896715493 -9.322883019336198
 6.482369809042073 -3.6591320930790254
 6.081785795062383 -2.6132838758099473
 5.063788696776105 -3.237248858620978
 4.144185945909882 -12.802043264716541
 7.205893245509522 -3.5793361767604837
 10.12576624668478 -8.775632475431864
 6.09892583739761 -3.0305313006293657
 -11.91344151927889 -3.5911692114680434
 6.308473196695873 -2.7264980979834528
 11.798986983949904 -9.101667644932702
 3.145707371375111 -13.284669842817562
 -10.994064902595188 -2.526161979141229
 -12.038938832076873 -2.194413705297043
 8.414653058410735 -14.716783179567674
 -11.23558578551368 -4.412286418907448
 11.017254189665904 -8.79668962050754
 7.552640809785681 -15.2301981041273
 -11.53975750007282 -2.4376858745959
 11.439015155036982 -8.89814535258328
 9.396045631986215 -13.460418918760885
 -11.499054782319087 -3.6939740998763053
 5.833664095041065 -1.9077860720663715
 5.201076946443789 -13.567194609906306
 -11.262677468175836 -4.369029943370985
 -11.031246717249042 -3.373968528815612
 6.396017010126422 -4.182328389725038
 -11.585827083003668 -1.5080329216276906
 5.291918022359532 -3.3559249894597416
 6.7253511707710345 -2.6627458823414685
 11.440531709358778 -8.618609708450656
 5.664075969335625 -2.9853934477740665
 3.961861889137928 -13.094584622007497
 5.523344187438256 -3.3905697432904702
 6.569828456498988 -3.633314110842822
 2.925880475003469 -12.407470150564048
 6.425673990107832 -15.112996650522005
 4.298384896558263 -13.893456038824704
 5.375061186877251 -4.337058067110053
 8.346924697185417 -15.256031143254802
 5.490531635148571 -3.4359814848102928
 6.073656236139886 -3.6347183432244874
 7.466649865060691 -14.497982602160643
 6.5102563591234865 -13.844735029463333
 10.353846434928172 -8.335784063264013
 7.891780981028167 -15.465324243232413
 -10.896539778177232 -2.082794446266737
 9.70732409827294 -14.664028109157229
 8.674275348539837 -14.883568877242217
 3.4187193797172273 -11.979495848103307
 7.252764475785324 -3.674687847087308
 -11.062814348965532 -2.847042848619965
 -12.243738929104673 -3.827880968989347
 11.129556247083608 -9.010805020733738
 -11.102790438096454 -2.9930195017294494
 6.3394487621480415 -16.49650584679529
 11.819247512854941 -8.946764517341265
 9.26805069038584 -14.769776366667358
 3.6441456491584883 -13.412165863487342
 6.955164320509978 -15.150581012100034
 8.227601549625145 -14.11595150290296
 8.392085218866145 -14.765219768349082
 9.333921226702442 -13.992777166564757
 8.127882970554003 -13.853968246809398
 9.020227831458667 -13.003959009413954
 2.9790177967039124 -13.040700162807523
 11.519908693087986 -8.900399768093784
 4.631236337198946 -11.812353643659177
 5.976487104553373 -15.166855073155563
 -10.425671339803728 -3.1132936230522548
 8.21400311055853 -14.991830890692432
 -11.900800829108666 -1.9554538465408169
 6.145915242511003 -2.4648231079811787
 8.377492908123555 -15.402079239854688
 9.161000713123899 -13.909853137710897
 9.73722980660595 -8.621088909526526
 5.312266389023925 -5.255444002718268
 11.613038897229982 -9.56742016226206
 8.62201137694715 -15.837964040704628
 10.836019233265219 -8.79578706706718
 6.526776220178979 -3.213476990981843
 3.420900078641983 -13.143231819160794
 -10.54636398155061 -2.9267874067686415
 -10.77740622666556 -2.4946039886587617
 8.443860169819347 -14.26678203152777
 2.862963016856786 -11.823363932246389
 6.568873108026624 -4.688580791118307
 11.286349797266572 -7.947137234720545
 6.994850869207457 -2.9921481389119755
 -12.203223526927658 -3.1794757989226525
 3.759559890618852 -11.333279446268566
 9.754687095601735 -14.874596983430958
 12.08333800226304 -9.185825290178284
 8.207772753985797 -14.11650224691053
 3.5145298051216467 -11.77811443717018
 2.936607453619728 -11.316476408854959
 6.7105389110033595 -15.338509741679662
 2.8081952703071424 -11.225013843621069
 9.088380811304312 -16.487660522253627
 3.493066220807997 -13.489627043143086
 3.334495852713503 -12.49797320988219
 8.028948200294119 -15.186196672020925
 9.484728619485175 -15.155657884448877
 -11.822364333840325 -2.966632578843688
 5.052833021709662 -2.297408889229409
 9.473966016572515 -14.378122571942757
 9.520085163313631 -14.219923643277154
 -10.905143857459993 -2.6548022082685145
 -10.93652124013257 -2.631897323177835
 9.012483744662998 -13.93000499793439
 -10.545764743338923 -2.485751830260881
 11.665645595154787 -7.9790445138005595
 10.744780663612405 -7.615224809173671
 -11.705411268663543 -3.10663700296178
 10.983992143799071 -9.65594874206333
 9.464071859223175 -14.042765820134871
 7.469697799961288 -3.6885831668606994
 9.094869367955528 -7.98859112013611
 11.37056599376116 -8.430025949337638
 8.75236333776186 -15.549009100737972
 7.187323066906628 -15.317905573979703
 3.8899454162643843 -12.597717767012847
 5.706614241389298 -4.656771123111415
 9.940050120320183 -15.625208892529026
 9.799132953400518 -14.862264449257095
 3.1379969559553356 -13.951121375437891
 -11.093881202293417 -1.792955054223245
 5.2204383133948715 -3.4887107139631923
 5.776844926821498 -2.853597735536986
 12.810094134334848 -8.198171940702425
 -12.13633376131029 -3.291975613208539
 -11.885744361919228 -2.465705149691262
 11.826083382777622 -7.942412971919554
 3.7415327090940598 -12.344661542747149
 3.123843014245382 -11.49726894514053
 6.395353014603288 -3.5011661830684764
 7.652076677386897 -15.402188121393323
 3.4518129882662376 -11.710196458615359
 5.419637616033544 -3.7098827985416296
 -12.072163672444502 -3.6028376716078743
 7.73142894384071 -15.466492093611963
 10.391416792635592 -9.018648207343764
 -11.991432380405238 -2.7366726638937426
 8.705692130540873 -13.859942516368712
 -11.095110730058106 -1.6497176798546487
 -10.917478270555053 -3.1222573314446427
 -11.446442383945794 -2.765588992141901
 9.245110324805953 -14.106450693897363
 5.11103705549543 -2.9484557838689947
 8.772661548246301 -15.365247704012997
 -10.714127330568855 -1.7140384982259487
 6.61144394190423 -3.35716745268731
 7.782853501378298 -15.133270247056519
 11.614863787411473 -8.746617379627178
 5.806402394229002 -3.8240277486816283
 5.281876186107629 -4.551778294701301
 4.088190817955736 -12.099853294129105
 8.617415382125056 -14.6507734958521
 10.732229607721493 -9.057441719904492
 3.959469806235414 -11.940618821943444
 6.4313742546967605 -4.7829272600025545
 -13.041406396081026 -1.7930448649270756
 7.804075982068572 -4.581234804158509
 2.4571038582579083 -13.417700210878845
 6.3657732843906 -4.698320506390846
 3.7147061032655513 -13.20275831398413
 3.1724102956570004 -13.48537701303718
 5.479126487999514 -3.4502627523609344
 6.109328839543968 -2.724430251012806
 7.463613112423617 -15.852706498928978
 7.172879895741324 -13.889639999947933
 4.971331167734952 -3.680176846506246
 9.232323753770393 -15.21437280486972
 8.743053066106691 -14.011070934630201
 11.494693961539268 -8.924170274467901
 8.875983781876062 -14.113541737210864
 7.8088040600099715 -14.392110546655038
 5.37248376073982 -2.2677964568809044
 7.0944928017224855 -16.599370688758977
 9.535324019602228 -13.701779968653769
 4.079472760596642 -12.142781193649046
 8.081460059351322 -14.73457900859923
 3.946716905845425 -11.324719679483838
 3.646682241755809 -12.747921740547655
 9.9094673061538 -15.227902911137003
 3.9544926370028546 -12.178763692538844
 9.867099473785174 -13.247029114683771
 5.242373256146152 -4.298363297626445
 8.797134191993472 -14.342993636000852
 2.936249263049276 -12.46388161034446
 12.271233511417067 -8.77665855610231
 11.026483837958905 -8.520329564960402
 4.771792751564371 -12.57818127829802
 -11.104119892439675 -2.857935768726021
 2.3826723710110382 -11.841683372469081
 2.860913953955237 -13.158259171761376
 11.687482768656702 -8.789579542463288
 5.253494311828825 -2.2610025493254104
 11.399426926069008 -9.129225603355207
 8.174406873662548 -14.451169944447038
 6.349921261933112 -4.464825727342969
 7.636225970735804 -13.555135790364803
 -11.099166601615872 -3.676575974717596
 3.4698448822531236 -12.276769397505117
 10.380852958219984 -9.419888253653632
 6.572608890739481 -3.709964745045317
 6.223360721607172 -14.144159626443656
 3.1167669977697896 -12.302532730313853
 7.745132841438741 -15.173035303090515
 6.623289853029743 -3.2261904570478257
 9.058521021453044 -14.084426513596522
 11.497621426532797 -9.666798535501487
 6.731721492142907 -14.431233379508885
 6.71635657486979 -3.8096992872353197
 12.163764058935314 -7.909288692073373
 4.187125800108317 -12.057975890152836
 6.244670060676952 -2.7160987771628315
 12.033009028720414 -9.254609478925891
 8.659821410958493 -14.431921348482959